2 3 9 11 13 14 16 18 19 20 25 28 33 34 35 38 40 
8 17 19 20 23 24 26 27 36 
2 4 5 6 10 11 13 16 17 19 31 32 33 34 36 37 39 40 
11 16 18 25 26 28 30 35 39 
1 6 9 11 12 14 16 17 22 24 28 31 33 40 
10 21 26 30 32 33 34 40 
1 3 5 7 8 9 10 11 14 15 17 23 28 34 35 37 
2 3 6 8 9 11 14 19 23 25 28 29 31 36 37 40 
2 4 6 7 8 9 10 13 14 16 18 21 23 30 33 40 
4 6 8 14 16 18 19 26 27 28 29 32 33 35 36 38 
2 7 8 9 10 11 12 13 15 19 21 22 24 26 33 34 35 36 39 40 
3 7 9 12 13 15 19 24 27 28 30 31 33 35 36 37 38 40 
3 20 
3 7 12 15 19 24 25 26 27 29 32 34 35 37 
1 2 3 4 6 11 12 13 16 20 21 23 24 28 33 35 37 38 39 40 
3 5 8 9 10 13 14 16 17 21 29 31 33 34 38 
1 4 8 9 12 15 20 31 35 36 38 
2 3 5 6 9 12 14 15 17 22 24 26 27 29 30 33 34 38 
1 2 3 4 7 8 9 12 14 16 17 26 27 29 31 33 34 36 38 40 
5 8 9 10 15 16 17 18 20 21 22 23 24 26 33 35 
1 4 8 13 19 23 26 33 35 
1 4 8 9 10 11 14 17 18 19 21 22 28 32 33 
2 6 16 25 38 39 
7 8 26 33 39 
1 5 9 32 36 
4 14 15 17 23 25 28 30 35 
3 10 17 20 21 23 24 28 30 34 
2 3 14 36 40 
1 29 36 
1 2 3 5 6 10 16 17 22 32 33 35 39 
4 7 8 13 16 18 19 20 22 23 24 28 30 31 32 35 36 37 38 
19 26 36 
6 11 19 33 
11 32 34 36 37 39 
5 
3 16 22 27 30 32 33 39 
1 2 6 7 8 12 14 16 17 18 20 21 28 33 37 39 
3 6 7 8 11 13 14 20 21 29 30 32 33 34 40 
5 6 7 8 10 11 13 16 17 19 20 21 23 26 28 29 30 
1 2 3 7 9 11 12 18 21 22 26 31 32 35 36 37 38 39 40 
1 4 7 15 18 19 24 32 33 34 35 40 
4 7 8 13 14 19 20 23 26 28 35 36 40 
11 21 
3 4 5 6 8 10 12 15 16 20 21 22 24 29 30 31 33 35 37 
1 5 11 12 13 17 19 20 21 24 25 30 31 36 37 38 
2 7 8 9 10 16 17 18 20 21 22 30 40 
1 7 8 9 10 11 16 17 18 19 22 25 26 29 33 34 36 40 
7 8 9 10 15 17 19 23 27 30 32 37 39 
6 7 9 14 25 26 28 31 32 35 37 
1 14 15 31 
14 
2 5 9 10 12 18 19 21 28 31 32 35 37 39 40 
1 2 7 9 11 13 16 18 22 26 27 28 30 31 32 35 
8 11 12 13 17 21 24 31 32 36 37 39 
3 4 6 11 13 14 17 20 25 26 31 32 33 34 37 38 
1 7 9 11 17 18 21 23 24 27 28 31 35 36 37 39 40 
3 4 5 11 13 14 15 18 22 23 24 28 30 31 33 35 36 38 39 
3 9 12 13 17 21 
3 4 14 16 23 25 28 31 32 34 35 36 37 39 
2 5 7 12 32 34 
1 2 12 19 20 21 23 28 30 38 40 
2 4 9 10 16 17 21 22 30 32 33 38 40 
3 4 6 8 10 11 12 16 17 21 23 25 29 31 33 36 38 40 
1 9 13 16 20 23 29 30 35 38 
5 8 
5 7 12 13 21 24 26 30 37 39 
39 40 
5 7 13 17 23 27 28 31 34 38 40 
1 3 6 8 9 10 13 16 20 22 24 26 27 29 31 33 36 37 39 40 
17 20 
1 2 3 7 9 11 12 13 18 20 21 24 26 27 29 31 32 35 37 40 
1 3 11 12 15 18 19 20 22 24 28 29 34 37 38 39 40 
2 4 7 8 11 14 15 16 17 25 30 31 37 
12 25 32 
4 6 13 15 17 19 20 26 28 32 33 36 40 
34 35 
29 
1 2 6 8 15 16 22 34 
6 9 12 14 19 21 28 30 32 35 
1 2 6 10 13 20 23 24 29 37 38 39 
11 23 27 
14 18 20 
1 2 3 4 16 17 20 22 28 30 31 35 39 
6 15 20 29 40 
1 2 5 6 7 8 9 10 13 18 22 23 29 33 36 37 38 39 40 
1 2 3 6 8 9 12 13 16 18 19 20 24 28 30 32 34 37 39 
8 18 22 23 36 37 
1 19 23 26 30 38 
2 19 24 27 33 36 
3 7 9 10 12 20 22 28 30 32 36 37 39 
4 13 18 24 26 29 37 38 
4 6 8 10 13 14 16 19 20 21 23 25 26 27 28 30 33 34 38 
1 3 4 5 6 10 11 15 18 19 21 22 23 27 33 34 36 37 38 40 
1 3 6 7 10 11 13 15 18 20 22 31 34 35 36 37 38 40 
2 3 5 6 7 9 10 11 12 15 16 18 21 26 29 31 34 36 39 40 
1 2 4 5 7 9 11 12 14 16 19 29 30 32 35 36 38 40 
9 28 29 35 
2 3 8 9 11 15 16 18 19 23 24 25 27 28 29 32 34 35 38 40 
2 3 4 5 6 8 13 15 16 18 23 25 26 27 30 36 39 40 
